0.00 1.50 1.51 1.58 -1.86 1.46 1.40 1.75 -1.72 
0.00 1.50 1.52 1.58 -1.85 1.45 1.39 1.76 -1.72 
0.00 1.52 1.51 1.59 -1.84 1.46 1.40 1.76 -1.70 
0.00 1.51 1.51 1.59 -1.84 1.46 1.39 1.76 -1.70 
0.00 1.52 1.51 1.60 -1.84 1.47 1.39 1.76 -1.70 
0.00 1.52 1.50 1.60 -1.85 1.47 1.42 1.73 -1.67 
0.00 1.52 1.51 1.59 -1.84 1.45 1.42 1.72 -1.66 
0.00 1.51 1.51 1.57 -1.83 1.46 1.43 1.71 -1.66 
0.00 1.52 1.52 1.57 -1.83 1.44 1.44 1.69 -1.65 
0.00 1.52 1.52 1.57 -1.83 1.44 1.44 1.69 -1.64 
0.00 1.53 1.52 1.58 -1.83 1.45 1.46 1.67 -1.63 
0.00 1.52 1.52 1.58 -1.82 1.43 1.47 1.66 -1.64 
0.00 1.52 1.52 1.58 -1.82 1.43 1.47 1.67 -1.63 
0.00 1.52 1.53 1.57 -1.81 1.41 1.47 1.66 -1.62 
