0.00 0.41 0.43 0.49 -3.06 0.26 0.37 0.34 -3.06 
0.00 0.40 0.42 0.50 -3.03 0.26 0.37 0.37 -3.04 
0.00 0.38 0.43 0.50 -2.99 0.26 0.35 0.39 -3.01 
0.00 0.38 0.44 0.50 -2.98 0.27 0.35 0.38 -3.01 
0.00 0.38 0.43 0.50 -2.98 0.25 0.35 0.38 -3.01 
0.00 0.36 0.43 0.48 -2.99 0.27 0.35 0.37 -3.03 
0.00 0.36 0.42 0.48 -2.98 0.27 0.33 0.37 -3.04 
0.00 0.36 0.43 0.48 -2.98 0.25 0.32 0.35 -3.04 
0.00 0.33 0.43 0.49 -2.96 0.25 0.32 0.35 -3.04 
0.00 0.34 0.43 0.50 -2.95 0.24 0.31 0.34 -3.04 
0.00 0.33 0.43 0.50 -2.95 0.25 0.32 0.35 -3.04 
0.00 0.32 0.43 0.50 -2.93 0.25 0.32 0.35 -3.04 
0.00 0.29 0.42 0.48 -2.91 0.25 0.31 0.34 -3.05 
0.00 0.29 0.41 0.48 -2.91 0.26 0.32 0.35 -3.06 
0.00 0.28 0.42 0.49 -2.90 0.26 0.33 0.35 -3.05 
0.00 0.28 0.41 0.49 -2.90 0.27 0.32 0.35 -3.06 
0.00 0.27 0.41 0.48 -2.90 0.29 0.33 0.35 -3.08 
0.00 0.25 0.42 0.50 -2.89 0.30 0.33 0.36 -3.08 
0.00 0.26 0.42 0.50 -2.91 0.32 0.35 0.38 -2.99 
0.00 0.22 0.52 0.56 -2.70 0.36 0.43 0.46 -2.74 
