0.00 0.16 -0.04 1.49 -1.68 0.15 0.13 1.45 -1.63 
0.00 0.21 -0.05 1.48 -1.69 0.15 0.13 1.43 -1.64 
0.00 0.21 -0.07 1.46 -1.69 0.13 0.12 1.42 -1.65 
0.00 0.19 -0.10 1.44 -1.67 0.14 0.15 1.42 -1.65 
0.00 0.20 -0.13 1.44 -1.69 0.15 0.18 1.41 -1.65 
0.00 0.17 -0.15 1.44 -1.71 0.16 0.21 1.40 -1.65 
0.00 0.16 -0.17 1.43 -1.71 0.17 0.23 1.39 -1.66 
0.00 0.16 -0.20 1.43 -1.71 0.17 0.26 1.38 -1.65 
0.00 0.15 -0.21 1.43 -1.72 0.17 0.28 1.39 -1.65 
0.00 0.15 -0.23 1.41 -1.71 0.18 0.31 1.40 -1.65 
0.00 0.16 -0.25 1.40 -1.71 0.17 0.33 1.40 -1.65 
0.00 0.16 -0.25 1.40 -1.72 0.18 0.36 1.41 -1.64 
0.00 0.15 -0.26 1.41 -1.72 0.19 0.38 1.41 -1.64 
0.00 0.15 -0.26 1.42 -1.72 0.21 0.41 1.40 -1.64 
0.00 0.16 -0.26 1.43 -1.70 0.21 0.40 1.39 -1.64 
0.00 0.16 -0.30 1.44 -1.69 0.21 0.39 1.40 -1.64 
0.00 0.17 -0.31 1.45 -1.68 0.20 0.39 1.41 -1.64 
0.00 0.15 -0.31 1.45 -1.69 0.22 0.39 1.41 -1.64 
0.00 0.14 -0.30 1.46 -1.70 0.23 0.38 1.40 -1.64 
0.00 0.15 -0.30 1.45 -1.70 0.26 0.41 1.41 -1.62 
0.00 0.17 -0.28 1.44 -1.69 0.33 0.46 1.47 -1.61 
0.00 0.19 -0.25 1.45 -1.69 0.77 0.76 1.56 -1.50 
0.00 0.22 -0.23 1.42 -1.63 1.20 1.11 1.60 -1.29 
0.00 0.22 -0.16 1.43 -1.62 1.40 1.32 1.64 -1.10 
0.00 0.26 -0.06 1.44 -1.63 1.52 1.42 1.67 -0.96 
0.00 0.27 0.04 1.44 -1.63 1.60 1.43 1.67 -0.83 
0.00 0.31 0.14 1.46 -1.63 1.66 1.45 1.67 -0.74 
0.00 0.37 0.20 1.49 -1.66 1.68 1.47 1.66 -0.69 
0.00 0.39 0.24 1.53 -1.66 1.68 1.50 1.66 -0.66 
0.00 0.40 0.27 1.54 -1.66 1.68 1.52 1.66 -0.65 
0.00 0.50 0.36 1.55 -1.64 1.66 1.53 1.66 -0.64 
0.00 0.39 0.28 1.53 -1.65 1.66 1.54 1.65 -0.64 
0.00 0.47 0.35 1.53 -1.65 1.65 1.53 1.64 -0.65 
0.00 0.51 0.36 1.55 -1.66 1.62 1.49 1.63 -0.63 
