0.00 1.89 1.03 1.91 -0.69 0.41 0.71 1.18 -1.74 
0.00 1.89 1.02 1.91 -0.68 0.38 0.68 1.19 -1.74 
0.00 1.92 1.00 1.90 -0.70 0.38 0.67 1.20 -1.73 
0.00 1.93 1.00 1.91 -0.72 0.37 0.67 1.21 -1.73 
0.00 1.92 0.99 1.91 -0.72 0.36 0.68 1.22 -1.74 
0.00 1.92 0.99 1.91 -0.71 0.36 0.69 1.22 -1.74 
0.00 1.91 0.98 1.90 -0.70 0.35 0.69 1.22 -1.75 
0.00 1.91 0.98 1.91 -0.70 0.36 0.70 1.23 -1.75 
0.00 1.90 0.96 1.91 -0.69 0.35 0.71 1.24 -1.75 
0.00 1.90 0.96 1.90 -0.69 0.35 0.72 1.23 -1.75 
0.00 1.90 0.96 1.90 -0.68 0.35 0.72 1.23 -1.75 
0.00 1.90 0.96 1.91 -0.69 0.36 0.73 1.24 -1.76 
0.00 1.90 0.96 1.90 -0.69 0.35 0.73 1.25 -1.76 
0.00 1.90 0.96 1.89 -0.68 0.37 0.73 1.25 -1.74 
0.00 1.89 0.97 1.91 -0.69 0.37 0.73 1.26 -1.73 
0.00 1.87 0.98 1.92 -0.68 0.36 0.71 1.27 -1.73 
0.00 1.88 0.99 1.89 -0.68 0.37 0.71 1.26 -1.72 
0.00 1.80 0.95 1.90 -0.67 0.37 0.71 1.27 -1.73 
