0.00 0.35 1.39 1.73 -1.62 0.23 1.36 1.79 -1.45 
0.00 0.33 1.39 1.74 -1.61 0.23 1.38 1.78 -1.49 
0.00 0.32 1.39 1.74 -1.62 0.23 1.39 1.77 -1.49 
0.00 0.30 1.40 1.72 -1.61 0.23 1.39 1.75 -1.49 
0.00 0.30 1.41 1.72 -1.62 0.23 1.39 1.75 -1.48 
0.00 0.31 1.39 1.74 -1.62 0.24 1.38 1.77 -1.49 
0.00 0.32 1.39 1.74 -1.62 0.23 1.38 1.76 -1.48 
0.00 0.31 1.39 1.74 -1.62 0.24 1.38 1.76 -1.49 
0.00 0.31 1.39 1.74 -1.61 0.24 1.39 1.76 -1.49 
0.00 0.31 1.39 1.74 -1.61 0.24 1.37 1.77 -1.49 
0.00 0.32 1.39 1.74 -1.62 0.23 1.40 1.75 -1.47 
0.00 0.29 1.40 1.72 -1.61 0.24 1.41 1.74 -1.47 
0.00 0.29 1.39 1.74 -1.61 0.25 1.40 1.75 -1.46 
0.00 0.28 1.38 1.74 -1.57 0.26 1.39 1.76 -1.48 
