0.00 0.11 1.22 1.78 -1.43 0.08 1.39 1.77 -1.41 
0.00 0.13 1.22 1.79 -1.44 0.08 1.38 1.78 -1.38 
0.00 0.13 1.23 1.78 -1.44 0.10 1.39 1.77 -1.42 
0.00 0.13 1.23 1.78 -1.43 0.10 1.38 1.78 -1.41 
0.00 0.13 1.23 1.78 -1.42 0.09 1.38 1.79 -1.40 
0.00 0.12 1.23 1.77 -1.41 0.10 1.37 1.80 -1.41 
0.00 0.11 1.24 1.76 -1.40 0.12 1.38 1.79 -1.40 
0.00 0.11 1.25 1.76 -1.41 0.10 1.37 1.79 -1.39 
0.00 0.11 1.25 1.76 -1.41 0.11 1.36 1.80 -1.40 
0.00 0.10 1.25 1.76 -1.40 0.11 1.36 1.80 -1.41 
0.00 0.10 1.25 1.76 -1.41 0.09 1.36 1.79 -1.39 
0.00 0.06 1.26 1.75 -1.39 0.08 1.37 1.78 -1.40 
0.00 0.05 1.27 1.75 -1.37 0.10 1.38 1.77 -1.42 
0.00 0.04 1.27 1.74 -1.37 0.09 1.39 1.76 -1.42 
