0.00 0.17 0.16 2.68 -0.64 0.15 0.27 2.70 -0.58 
0.00 0.15 0.11 2.68 -0.60 0.14 0.20 2.72 -0.56 
0.00 0.14 0.06 2.69 -0.59 0.14 0.17 2.73 -0.54 
0.00 0.12 0.05 2.69 -0.57 0.15 0.14 2.75 -0.53 
0.00 0.12 0.02 2.69 -0.56 0.16 0.13 2.76 -0.52 
0.00 0.12 -0.00 2.68 -0.56 0.16 0.13 2.77 -0.51 
0.00 0.11 0.01 2.68 -0.56 0.18 0.11 2.78 -0.51 
0.00 0.12 0.01 2.68 -0.56 0.17 0.10 2.77 -0.51 
0.00 0.12 0.02 2.68 -0.57 0.17 0.10 2.78 -0.52 
0.00 0.10 0.04 2.68 -0.56 0.16 0.09 2.77 -0.52 
0.00 0.10 0.04 2.67 -0.57 0.16 0.09 2.77 -0.52 
0.00 0.10 0.05 2.68 -0.56 0.15 0.09 2.76 -0.53 
0.00 0.10 0.05 2.67 -0.57 0.14 0.10 2.74 -0.53 
0.00 0.10 0.05 2.67 -0.57 0.14 0.09 2.74 -0.53 
0.00 0.11 0.05 2.68 -0.58 0.13 0.09 2.73 -0.54 
0.00 0.10 0.05 2.65 -0.59 0.11 0.09 2.70 -0.54 
0.00 0.08 0.04 2.60 -0.62 0.09 0.09 2.64 -0.57 
0.00 0.07 0.04 2.53 -0.68 0.08 0.10 2.57 -0.63 
