0.00 1.40 1.30 1.72 -0.45 1.52 1.31 1.84 -0.58 
0.00 1.41 1.31 1.71 -0.45 1.52 1.32 1.83 -0.58 
0.00 1.39 1.30 1.72 -0.45 1.52 1.32 1.84 -0.58 
0.00 1.39 1.30 1.72 -0.45 1.52 1.33 1.83 -0.58 
0.00 1.40 1.31 1.71 -0.45 1.53 1.34 1.83 -0.58 
0.00 1.40 1.32 1.70 -0.45 1.54 1.35 1.82 -0.59 
0.00 1.39 1.31 1.72 -0.45 1.53 1.33 1.83 -0.58 
0.00 1.38 1.30 1.73 -0.45 1.51 1.32 1.84 -0.58 
0.00 1.38 1.30 1.74 -0.45 1.49 1.32 1.85 -0.56 
0.00 1.38 1.31 1.73 -0.45 1.49 1.31 1.85 -0.56 
0.00 1.38 1.30 1.73 -0.45 1.50 1.32 1.84 -0.57 
0.00 1.39 1.30 1.73 -0.45 1.50 1.32 1.84 -0.57 
0.00 1.39 1.30 1.73 -0.46 1.50 1.32 1.84 -0.57 
0.00 1.39 1.31 1.73 -0.46 1.49 1.31 1.84 -0.57 
0.00 1.38 1.30 1.74 -0.46 1.48 1.32 1.84 -0.57 
0.00 1.38 1.30 1.73 -0.46 1.48 1.31 1.85 -0.57 
0.00 1.40 1.31 1.73 -0.46 1.48 1.30 1.85 -0.58 
0.00 1.40 1.30 1.73 -0.46 1.49 1.31 1.84 -0.57 
0.00 1.40 1.30 1.73 -0.46 1.49 1.32 1.84 -0.57 
0.00 1.39 1.31 1.73 -0.46 1.49 1.33 1.83 -0.56 
0.00 1.40 1.32 1.72 -0.46 1.49 1.33 1.82 -0.56 
0.00 1.39 1.31 1.73 -0.48 1.50 1.32 1.83 -0.58 
